112 ?- crea_lista_n(10, 10, Lista), time(ordena_quick(Lista, R)), write(R).
% 105 inferences, 0.000 CPU in 0.000 seconds (0% CPU, Infinite Lips)
[0,1,3,3,7,7,8,8,9,9]
Lista = [8, 1, 7, 9, 0, 3, 3, 9, 8|…],
R = [0, 1, 3, 3, 7, 7, 8, 8, 9|…] .

113 ?- make.
% c:/users/usuario/documents/quicksort compiled 0.00 sec, 0 clauses
true.

114 ?- crea_lista_n(10, 10, Lista), time(ordena_quick(Lista, R)), write(R).
% 1,422 inferences, 0.000 CPU in 0.000 seconds (0% CPU, Infinite Lips)
[0,1,1,3,3,5,7,8,9,9]
Lista = [9, 0, 3, 9, 3, 1, 8, 1, 5|…],
R = [0, 1, 1, 3, 3, 5, 7, 8, 9|…] .

115 ?- crea_lista_n(100, 100, Lista), time(ordena_quick(Lista, R)), write(R).
Action (h for help) ? abort
% 921,089,374 inferences, 69.328 CPU in 70.375 seconds (99% CPU, 13285941 Lips)
% Execution Aborted
116 ?- make.
% c:/users/usuario/documents/quicksort compiled 0.00 sec, 0 clauses
true.

117 ?- crea_lista_n(100, 100, Lista), time(ordena_quick(Lista, R)), write(R).
% 2,321 inferences, 0.000 CPU in 0.000 seconds (0% CPU, Infinite Lips)
[0,0,2,3,5,5,5,6,6,8,8,9,12,13,13,16,16,16,18,19,19,20,23,27,28,29,31,32,33,34,35,36,37,38,38,39,40,40,41,43,43,44,45,46,49,50,51,52,52,53,53,57,59,60,60,61,62,63,63,63,64,65,65,67,67,68,68,69,70,71,71,71,74,77,79,79,80,80,81,81,84,85,88,88,88,89,89,90,90,90,91,91,92,92,93,95,96,98,99,99]
Lista = [16, 60, 40, 40, 67, 6, 91, 20, 32|…],
R = [0, 0, 2, 3, 5, 5, 5, 6, 6|…] .

118 ?- consult(['c:/Users/USUARIO/Documents/burbuja.pl']).
true.

119 ?- crea_lista_n(100, 100, Lista), time(ordena_burbuja(Lista, R)), write(R).
% 785,325 inferences, 0.062 CPU in 0.071 seconds (88% CPU, 12565200 Lips)
[0,4,4,4,4,4,5,5,5,9,11,11,12,12,13,13,16,18,20,22,23,23,23,26,28,28,29,29,31,32,32,32,33,33,34,34,34,35,35,35,37,37,38,39,40,41,43,44,46,48,48,49,49,52,53,54,54,54,54,56,56,59,63,63,65,66,66,68,68,70,71,71,73,73,73,73,74,76,78,80,81,82,85,86,86,87,89,89,90,90,94,94,94,96,96,97,98,98,99,99]
Lista = [59, 54, 4, 68, 41, 86, 5, 37, 73|…],
R = [0, 4, 4, 4, 4, 4, 5, 5, 5|…] .

120 ?- crea_lista_n(200, 200, Lista), time(ordena_burbuja(Lista, R)), write(R).
% 5,845,806 inferences, 0.531 CPU in 0.537 seconds (99% CPU, 11003870 Lips)
[0,1,2,2,2,3,3,4,4,5,5,7,8,8,10,10,11,12,13,17,18,19,21,22,23,24,24,26,27,29,30,31,32,32,33,34,36,36,36,39,40,40,41,41,42,42,43,43,44,45,50,51,53,54,54,55,57,58,58,59,59,59,60,62,64,64,65,66,66,67,67,68,69,69,75,75,76,78,78,80,80,82,82,85,85,86,87,88,89,94,95,96,96,97,97,98,98,99,102,102,102,103,104,106,107,109,110,110,110,111,111,114,114,114,117,117,117,118,119,119,119,121,121,122,123,123,124,128,131,131,134,134,136,136,139,140,141,141,141,142,143,147,147,151,152,154,156,157,157,157,159,159,159,162,163,164,165,165,165,165,165,165,166,167,167,169,169,171,171,172,172,172,173,174,174,176,176,178,178,179,180,181,181,182,184,185,185,186,186,187,189,191,191,194,195,195,197,197,198,199]
Lista = [180, 39, 176, 114, 169, 5, 3, 27, 97|…],
R = [0, 1, 2, 2, 2, 3, 3, 4, 4|…] .

121 ?- crea_lista_n(250, 250, Lista), time(ordena_burbuja(Lista, R)), write(R).
% 12,257,424 inferences, 0.875 CPU in 0.909 seconds (96% CPU, 14008485 Lips)
[0,1,3,4,4,4,4,5,6,7,8,8,8,9,11,13,13,15,17,19,20,21,23,23,24,24,26,26,29,30,30,30,31,32,32,32,33,35,35,36,37,37,39,40,41,41,42,43,44,48,48,48,48,48,48,49,52,54,57,59,59,61,64,65,67,69,69,69,70,70,70,70,71,71,73,73,74,76,77,77,78,81,82,82,85,85,85,86,86,87,88,88,90,93,93,93,94,95,98,98,99,99,100,100,101,101,102,103,103,105,105,107,110,110,113,113,113,114,115,117,117,118,122,122,124,125,127,128,128,130,131,132,135,136,138,140,142,143,144,144,147,149,150,151,152,153,154,155,155,156,156,158,158,160,161,162,163,163,164,164,165,165,166,166,167,167,168,169,169,170,171,171,171,173,173,174,174,175,176,177,177,178,178,179,179,181,184,185,186,187,190,191,191,193,193,194,194,196,198,200,202,203,204,204,204,205,206,207,208,209,209,209,215,216,217,217,217,218,220,222,223,224,224,225,225,225,226,226,226,227,227,228,229,230,232,232,232,233,233,234,237,240,241,241,242,242,244,245,245,247]
Lista = [186, 71, 222, 33, 144, 93, 41, 113, 74|…],
R = [0, 1, 3, 4, 4, 4, 4, 5, 6|…] .

122 ?- crea_lista_n(1000, 1000, Lista), time(ordena_burbuja(Lista, R)), write(R)
.
% 97,385,840 inferences, 50.656 CPU in 80.541 seconds (63% CPU, 1922484 Lips)
ERROR: Stack limit (1.0Gb) exceeded
ERROR:   Stack sizes: local: 21.6Mb, global: 0.6Gb, trail: 0.9Mb
ERROR:   Stack depth: 62,548, last-call: 0%, Choice points: 125,070
ERROR:   In:
ERROR:     [62,548] user:ordenada([length:1,000])
ERROR:     [62,547] user:ordena_burbuja([length:1,000], _167631794)
ERROR:     [62,546] user:ordena_burbuja([length:1,000], _167631826)
ERROR:     [62,545] user:ordena_burbuja([length:1,000], _167631858)
ERROR:     [62,544] user:ordena_burbuja([length:1,000], _167631890)
ERROR: 
ERROR: Use the --stack_limit=size[KMG] command line option or
ERROR: ?- set_prolog_flag(stack_limit, 2_147_483_648). to double the limit.
   Call: (18) _6236=true ? 
